0 400 500 3 -30
1 211 144 2 
1 211 181 2 
1 211 107 1 
1 264 144 2 
1 264 181 2 
1 264 107 1 
1 317 144 2 
1 317 181 2 
1 317 107 1 
1 370 144 2 
1 370 181 2 
1 370 107 1 
1 423 144 2 
1 423 181 2 
1 423 107 1 
1 476 144 2 
1 476 181 2 
1 476 107 1 
1 529 144 2 
1 529 181 2 
1 529 107 1 
1 582 144 2 
1 582 181 2 
1 582 107 1 
1 635 144 2 
1 635 181 2 
1 635 107 1 
1 688 144 2 
1 688 181 2 
1 688 107 1 
1 741 144 2 
1 741 181 2 
1 741 107 1 
2 211 70  0 159
2 264 70  0 4
2 317 70  0 96
2 370 70  0 175
2 423 70  0 113
2 476 70  0 130
2 529 70  0 6
2 582 70  0 153
2 635 70  0 84
2 688 70  0 14
2 741 70  0 185
4 266 400 4
4 444 400 4
4 622 400 4
4 88 400 4
5 800 10  0 249
6 788 190 a
6 529 130 a
6 264 110 a
3 1 1 5
7 0
