0 85 500 3 -388
1 1 144 2 
1 1 181 2 
1 1 107 1 
1 54 144 2 
1 54 181 2 
1 54 107 1 
1 107 144 2 
1 107 181 2 
1 107 107 1 
1 160 144 2 
1 160 181 2 
1 160 107 1 
1 213 144 2 
1 213 181 2 
1 213 107 1 
1 266 144 2 
1 266 181 2 
1 266 107 1 
1 319 144 2 
1 319 181 2 
1 319 107 1 
1 372 144 2 
1 372 181 2 
1 372 107 1 
1 425 144 2 
1 425 181 2 
1 425 107 1 
1 478 144 2 
1 478 181 2 
1 478 107 1 
1 531 144 2 
1 531 181 2 
1 531 107 1 
2 1 70  0 31
2 54 70  0 87
2 107 70  0 79
2 160 70  0 113
2 213 70  0 48
2 266 70  0 23
2 319 70  0 74
2 372 70  0 262
2 425 70  0 219
2 478 70  0 131
2 531 70  0 197
4 266 400 4
4 444 400 4
4 622 400 4
4 88 400 4
5 800 10  0 16
3 1 1 9
7 3000
