0 400 500 3 -33
1 211 144 2 
1 211 181 2 
1 211 107 1 
1 264 144 2 
1 264 181 2 
1 264 107 1 
1 317 144 2 
1 317 181 2 
1 317 107 1 
1 370 144 2 
1 370 181 2 
1 370 107 1 
1 423 144 2 
1 423 181 2 
1 423 107 1 
1 476 144 2 
1 476 181 2 
1 476 107 1 
1 529 144 2 
1 529 181 2 
1 529 107 1 
1 582 144 2 
1 582 181 2 
1 582 107 1 
1 635 144 2 
1 635 181 2 
1 635 107 1 
1 688 144 2 
1 688 181 2 
1 688 107 1 
1 741 144 2 
1 741 181 2 
1 741 107 1 
2 211 70  0 162
2 264 70  0 83
2 317 70  0 99
2 370 70  0 1
2 423 70  0 116
2 476 70  0 23
2 529 70  0 26
2 582 70  0 156
2 635 70  0 87
2 688 70  0 207
2 741 70  0 1
4 266 400 4
4 444 400 4
4 622 400 4
4 88 400 4
5 800 10  0 252
6 529 310 a
6 476 280 a
6 370 80 a
6 741 80 a
3 1 1 2
7 0
