0 390 500 3 -15
1 61 144 2 
1 61 181 2 
1 61 107 1 
1 114 144 2 
1 114 181 2 
1 114 107 1 
1 167 144 2 
1 167 181 2 
1 167 107 1 
1 379 107 1 
1 432 144 2 
1 432 181 2 
1 432 107 1 
1 485 144 2 
1 485 181 2 
1 485 107 1 
1 538 144 2 
1 538 181 2 
1 538 107 1 
1 591 144 2 
1 591 181 2 
1 591 107 1 
2 61 70  0 225
2 114 70  0 148
2 167 70  0 151
2 220 70  0 179
2 379 70  0 270
2 432 70  0 213
2 485 70  0 94
2 538 70  0 259
2 591 70  0 215
4 266 400 3
4 444 400 1
4 622 400 2
4 88 400 3
5 800 10  0 422
6 405 300 c
3 1 1 0
7 200
