0 295 500 3 -64
1 171 124 2 
1 171 161 2 
1 171 87 1 
1 224 124 2 
1 224 161 2 
1 224 87 1 
1 277 124 2 
1 277 161 2 
1 277 87 1 
1 330 124 2 
1 330 161 2 
1 330 87 1 
1 383 124 2 
1 383 161 2 
1 383 87 1 
1 436 124 2 
1 436 161 2 
1 436 87 1 
1 489 124 2 
1 489 161 2 
1 489 87 1 
1 542 124 2 
1 542 161 2 
1 542 87 1 
1 595 124 2 
1 595 161 2 
1 595 87 1 
1 648 124 2 
1 648 161 2 
1 648 87 1 
1 701 124 2 
1 701 161 2 
1 701 87 1 
2 171 50  0 6
2 224 50  0 114
2 277 50  0 130
2 330 50  0 32
2 383 50  0 31
2 436 50  0 54
2 489 50  0 57
2 542 50  0 187
2 595 50  0 24
2 648 50  0 15
2 701 50  0 32
4 266 400 4
4 444 400 3
4 622 400 4
4 88 400 4
5 710 10  1 283
6 300 370 a
6 671 370 a
6 353 360 a
6 575 290 a
6 638 200 a
6 161 110 a
3 1 0 8
7 0
