0 400 500 3 -173
1 141 144 2 
1 141 181 2 
1 141 107 1 
1 194 144 2 
1 194 181 2 
1 194 107 1 
1 247 144 2 
1 247 181 2 
1 247 107 1 
1 300 144 2 
1 300 107 1 
1 406 144 2 
1 406 181 2 
1 406 107 1 
1 459 144 2 
1 459 181 2 
1 459 107 1 
1 512 144 2 
1 512 181 2 
1 512 107 1 
1 565 144 2 
1 565 181 2 
1 565 107 1 
1 618 144 2 
1 618 181 2 
1 618 107 1 
1 671 144 2 
1 671 181 2 
1 671 107 1 
2 141 70  0 588
2 194 70  0 509
2 247 70  0 525
2 300 70  0 27
2 406 70  0 559
2 459 70  0 89
2 512 70  0 32
2 565 70  0 513
2 618 70  0 88
2 671 70  0 614
4 266 400 4
4 444 400 1
4 622 400 1
4 88 400 4
5 800 10  0 242
8 527 230 2
8 310 205 2
3 1 1 4
7 80
