0 400 500 2 -123
1 221 124 2 
1 221 161 2 
1 221 87 1 
1 274 124 2 
1 274 161 2 
1 274 87 1 
1 327 124 2 
1 327 161 2 
1 327 87 1 
1 380 124 2 
1 380 161 2 
1 380 87 1 
1 433 124 2 
1 433 161 2 
1 433 87 1 
1 486 124 2 
1 486 161 2 
1 486 87 1 
1 539 124 2 
1 539 161 2 
1 539 87 1 
1 592 124 2 
1 592 161 2 
1 592 87 1 
1 645 124 2 
1 645 161 2 
1 645 87 1 
1 698 124 2 
1 698 161 2 
1 698 87 1 
1 751 124 2 
1 751 161 2 
1 751 87 1 
2 221 50  0 1
2 274 50  0 173
2 327 50  0 53
2 380 50  0 91
2 433 50  0 2
2 486 50  0 113
2 539 50  0 4
2 592 50  0 2
2 645 50  0 48
2 698 50  0 74
2 751 50  0 4
4 266 400 2
4 444 400 3
4 622 400 1
4 88 400 3
5 415 10  1 342
6 529 90 a
6 741 90 a
6 433 70 a
6 592 70 a
6 221 60 a
1 0 9
