0 400 500 4 0
2 111 50 0 50 
2 164 50 0 50
2 217 50 0 50
2 270 50 0 50
2 323 50 0 50
2 376 50 0 50
2 429 50 0 50
2 482 50 0 50
2 535 50 0 50
2 588 50 0 50
2 641 50 0 50
2 111 87 0 50
2 164 87 0 50
2 217 87 0 50
2 270 87 0 50
2 323 87 0 50
2 376 87 0 50
2 429 87 0 50
2 482 87 0 50
2 535 87 0 50
2 588 87 0 50
2 641 87 0 50
2 111 124 0 50
2 164 124 0 50
2 217 124 0 50
2 270 124 0 50
2 323 124 0 50
2 376 124 0 50
2 429 124 0 50
2 482 124 0 50
2 535 124 0 50
2 588 124 0 50
2 641 124 0 50
2 111 161 0 50
2 164 161 0 50
2 217 161 0 50
2 270 161 0 50
2 323 161 0 50
2 376 161 0 50
2 429 161 0 50
2 482 161 0 50
2 535 161 0 50
2 588 161 0 50
2 641 161 0 50
4 88 400 4
4 266 400 4
4 444 400 4
4 622 400 4
