0 400 500 3 0
1 111 124 2
1 111 161 2
1 111 87 1
1 164 124 2
1 164 161 2
1 164 87 1
1 217 124 2
1 217 161 2
1 217 87 1
1 270 124 2
1 270 161 2
1 270 87 1
1 323 124 2
1 323 161 2
1 323 87 1
1 376 124 2
1 376 161 2
1 376 87 1
1 429 124 2
1 429 161 2
1 429 87 1
1 482 124 2
1 482 161 2
1 482 87 1
1 535 124 2
1 535 161 2
1 535 87 1
1 588 124 2
1 588 161 2
1 588 87 1
1 641 124 2
1 641 161 2
1 641 87 1
2 111 50 0 129
2 164 50 0 50
2 217 50 0 66
2 270 50 0 145
2 323 50 0 83
2 376 50 0 100
2 429 50 0 184
2 482 50 0 123
2 535 50 0 54
2 588 50 0 174
2 641 50 0 155
4 266 400 4
4 444 400 4
4 622 400 4
4 88 400 4
5 800 10 0 219
7 0
