0 60 500 3 -91
1 45 107 1 
1 98 144 2 
1 98 181 2 
1 98 107 1 
1 151 144 2 
1 151 181 2 
1 151 107 1 
1 204 144 2 
1 204 181 2 
1 204 107 1 
1 257 144 2 
1 257 181 2 
1 257 107 1 
1 310 144 2 
1 310 181 2 
1 310 107 1 
1 363 144 2 
1 363 181 2 
1 363 107 1 
1 416 144 2 
1 416 181 2 
1 416 107 1 
2 45 70  0 539
2 98 70  0 468
2 151 70  0 490
2 204 70  0 513
2 257 70  0 15
2 310 70  0 411
2 363 70  0 40
2 416 70  0 622
4 266 400 2
4 444 400 2
4 622 400 2
4 88 400 2
5 800 10  0 672
6 378 270 a
6 262 145 a
3 1 1 3
7 330
