0 400 500
1 111 50 0
1 164 50 0
1 217 50 0
1 270 50 0
1 323 50 0
1 376 50 0
1 429 50 0
1 482 50 0
1 535 50 0
1 588 50 0
1 641 50 0
1 111 87 0
1 164 87 0
1 217 87 0
1 270 87 0
1 323 87 0
1 376 87 0
1 429 87 0
1 482 87 0
1 535 87 0
1 588 87 0
1 641 87 0
1 111 124 0
1 164 124 0
1 217 124 0
1 270 124 0
1 323 124 0
1 376 124 0
1 429 124 0
1 482 124 0
1 535 124 0
1 588 124 0
1 641 124 0
1 111 161 0
1 164 161 0
1 217 161 0
1 270 161 0
1 323 161 0
1 376 161 0
1 429 161 0
1 482 161 0
1 535 161 0
1 588 161 0
1 641 161 0
2 88 400
2 266 400
2 444 400
2 622 400
