0 400 500
1 111 50 0
1 164 50 0
1 217 50 0
1 270 50 0
1 323 50 0
1 376 50 0
1 429 50 0
1 482 50 0
1 535 50 0
1 588 50 0
1 641 50 0
1 111 87 1
1 164 87 1
1 217 87 1
1 270 87 1
1 323 87 1
1 376 87 1
1 429 87 1
1 482 87 1
1 535 87 1
1 588 87 1
1 641 87 1
1 111 124 2
1 164 124 2
1 217 124 2
1 270 124 2
1 323 124 2
1 376 124 2
1 429 124 2
1 482 124 2
1 535 124 2
1 588 124 2
1 641 124 2
1 111 161 2
1 164 161 2
1 217 161 2
1 270 161 2
1 323 161 2
1 376 161 2
1 429 161 2
1 482 161 2
1 535 161 2
1 588 161 2
1 641 161 2
2 0 400
2 100 400
2 200 400
2 300 400
2 400 400
2 500 400
2 600 400
2 700 400
2 0 325
2 100 325
2 200 325
2 300 325
2 400 325
2 500 325
2 600 325
2 700 325
